#start_time_year; start_time_month; start_time_day; start_time_hour; start_time_minute; start_time_second; observatory [0=arecibo, 1=effelsberg, 2=gbt, 3=vla, 4=lovell]; frequency [MHz]; obs_length [s]; bursts
2012 11 02  06 38 13  0 1375  181   1 
2012 11 04  06 28 43  0 1375  181   0 
2013 12 09  04 09 52  0 1375  2702  0 
2013 12 09  05 14 32  0 1375  1830  0 
2013 12 09  04 55 19  0 1375  970   0 
2015 05 03  18 55 48  0 1375  1502  0 
2015 05 05  18 29 07  0 1375  1002  0 
2015 05 05  19 39 15  0 1375  1002  0 
2015 05 09  18 10 48  0 1375  1002  0 
2015 05 09  19 20 56  0 1375  1002  0 
2015 05 09  19 38 12  0 1375  425   0 
2015 05 17  17 45 38  0 1375  1002  2 
2015 05 17  18 58 07  0 1375  1002  0 
2015 06 02  16 38 47  0 1375  1002  2 
2015 06 02  17 48 52  0 1375  1002  6 
2015 06 02  18 09 18  0 1375  300   0 
2015 11 09  22 36 47  1 4850    9894  0 
2015 11 13  06 38 51  2 820  3000  0
2015 11 16  05 24 09  0 1430     5753  0 
2015 11 13  07 42 09  2 2000    3000  1 
2015 11 15  02 55 50  2 2000    3000  0 
2015 11 15  03 57 08  2 820  3000  0
2015 11 17  03 24 33  2 2000    3000   0 
2015 11 17  04 34 40  2 820  3000  0
2015 11 17  05 21 37  0 1430     6747  0 
2015 11 18  05 23 14  0 1430     6421  0 
2015 11 19  05 27 12  0 1430     3000  0 
2015 11 19  06 19 36  0 1430     1300  0 
2015 11 19  06 43 46  0 1430     971   0 
2015 11 19  10 14 57  2 2000    3000  4 
2015 11 19  11 16 32  2 820  1653  0
2015 11 22  08 45 23  2 2000    3000  0 
2015 11 22  09 47 15  2 820  2543  0
2015 11 23  11 42 40  2 2000    5357  0 
2015 11 25  03 25 29  3 1618           3585 0   
2015 11 25  10 48 05  2 2000    5264  0 
2015 11 26  05 18 03  0 1430     2705  0 
2015 12 01  05 31 31  3 1618           3590  0  
2015 12 01  07 46 17  2 2000    6480  0 
2015 12 03  02 53 57  3 1618           3589   0  
2015 12 03  03 42 14  1 4850    10800  0 
2015 12 05  04 45 44  3 1618           3589    0 
2015 12 07  04 37 50  3 1618           3589     0
2015 12 07  21 36 17  4 1532        7229  0 
2015 12 08  04 43 24  0 1430     3625  1 
2015 12 09  00 01 52  4 1532        7209  0 
2015 12 09  08 11 46  2 2000    3141  0 
2015 12 09  09 29 25  3 1618           3590    0
2015 12 09  09 40 28  2 820  3106  0
2015 12 11  09 22 27  3 1618           3590    0
2015 12 13  00 38 29  1 4850    14400  0 
2015 12 13  09 13 07  3 1618           3589     0
2015 12 15  04 01 29  4 1532        7141   0 
2015 12 15  09 06 16  3 1618           3590     0
2015 12 17  08 57 51  3 1618           3589     0
2015 12 18  08 55 38  2 2000    3600   0 
2015 12 18  10 08 41  2 820  2216   0
2015 12 19  00 05 44  2 2000    3600   0 
2015 12 19  01 19 43  2 820  1510   0
2015 12 22  00 11 13  2 2000    830    0 
2015 12 22  00 28 24  2 2000    2024   0 
2015 12 22  01 15 13  2 820  2688   0
2015 12 23  04 55 57  4 1532        7225  0 
2015 12 25  04 19 06  0 1430     1534   0 
2016 01 01  02 23 17  0 1430     5858   0 
2016 01 01  04 15 37  0 1430     46     0 
2016 01 02  01 16 52  4 1532        7207  0 
2016 01 04 03 09 06 0 1430    1700 0
2016 01 04 03 40 06 0 1430    1200 0
2016 01 07 23 14 07 2 2000   3300 0
2016 01 08 00 35 28 2 820 1513 0
2016 01 09 22 16 19 2 2000   3300 0
2016 01 11 00 57 08 2 2000   3300 0
2016 01 11 02 06 44 2 820 2264 0
2016 01 15 00 54 35 4 1532       7208 0
2016 01 20 02 43 36 4 1532       7215 0
2016 01 23 00 56 47 0 1430    6485 0
2016 01 26 00 58 17 0 1430    6058 0
2016 01 31 00 28 44 0 1430 6362 0
2016 02 01 00 30 20 0 1430 6284 0
